100 30
0 3
0 -2 1
1 1 1
2 -1 1
0 3
0 -2 1
1 1 1
2 -1 1
0 3
0 -2 1
1 1 1
2 -1 1
0 3
0 -2 1
1 1 1
2 -1 1
0 3
0 -2 1
1 1 1
2 -1 1
0 3
0 -2 1
1 1 1
2 -1 1
0 3
0 -2 1
1 1 1
2 -1 1
0 3
0 -2 1
1 1 1
2 -1 1
0 3
0 -2 1
1 1 1
2 -1 1
0 3
0 -2 1
1 1 1
2 -1 1
0 3
0 -2 1
1 1 1
2 -1 1
0 3
0 -2 1
1 1 1
2 -1 1
0 3
0 -2 1
1 1 1
2 -1 1
0 3
0 -2 1
1 1 1
2 -1 1
0 3
0 -2 1
1 1 1
2 -1 1
0 3
0 -2 1
1 1 1
2 -1 1
0 3
0 -2 1
1 1 1
2 -1 1
0 3
0 -2 1
1 1 1
2 -1 1
0 3
0 -2 1
1 1 1
2 -1 1
0 3
0 -2 1
1 1 1
2 -1 1
0 3
0 -2 1
1 1 1
2 -1 1
0 3
0 -2 1
1 1 1
2 -1 1
0 3
0 -2 1
1 1 1
2 -1 1
0 3
0 -2 1
1 1 1
2 -1 1
0 3
0 -2 1
1 1 1
2 -1 1
0 3
0 -2 1
1 1 1
2 -1 1
0 3
0 -2 1
1 1 1
2 -1 1
0 3
0 -2 1
1 1 1
2 -1 1
0 3
0 -2 1
1 1 1
2 -1 1
0 3
0 -2 1
1 1 1
2 -1 1

